2022945,29,0,18,2
2022726,26,0,12,22
2022950,4,14,4,14
2022083,4,10,14,17
2022877,1,4,4,6
2022563,25,10,22,20
2022340,28,3,28,25
2022408,3,8,26,17
2022754,3,14,15,3
2022774,18,3,19,24
2022606,24,13,19,2
2022514,9,4,2,20
2022555,26,6,1,21
2022858,14,2,4,8
2022783,10,8,27,20
2022911,15,12,29,7
2022273,9,1,30,14
2022657,25,5,29,3
2022701,16,3,22,9
2022065,5,9,18,3
2022059,14,11,23,18
2022335,9,8,30,7
2022689,26,10,0,23
2022622,19,9,1,19
2022771,20,4,15,25
2022187,6,3,1,2
2022516,26,8,27,17
2022784,14,6,12,13
2022943,17,10,12,17
2022215,15,12,10,4
2022840,12,6,18,20
2022942,5,2,27,16
2022253,28,7,28,0
2022939,6,2,27,22
2022431,25,14,6,21
2022852,17,1,21,21
2022751,30,9,15,2
2022957,17,15,3,4
2022468,14,6,29,12
2022347,8,4,9,13
2022640,22,11,17,23
2022108,6,11,4,11
2022561,2,6,29,5
2022881,4,1,9,12
2022887,12,0,27,2
2022952,9,9,10,14
2022158,0,14,3,6
2022802,27,14,20,7
2022590,9,7,4,23
2022475,6,11,12,7
2022546,21,1,1,5
2022654,15,10,26,20
2022415,12,10,26,19
2022364,26,8,18,11
2022674,11,3,10,14
2022313,23,4,15,4
2022045,7,9,11,8
2022372,1,15,10,11
2022374,28,13,2,9
2022895,5,2,3,24
2022235,17,4,17,4
2022974,27,11,11,12
2022764,15,2,0,22
2022167,0,13,17,25
2022711,30,11,19,6
2022552,18,11,21,1
2022104,21,9,28,25
2022849,29,6,7,14
2022756,19,6,27,14
2022145,20,9,27,12
2022529,16,8,25,20
2022207,7,3,20,24
2022789,10,4,30,15
2022156,22,1,12,24
2022847,12,8,1,9
2022626,25,4,23,17
2022940,16,13,5,6
2022349,13,13,22,13
2022956,3,10,17,20
2022592,20,12,3,1
2022117,9,10,30,21
2022587,29,8,4,24
2022390,8,4,16,4
2022781,12,14,27,20
2022173,13,10,18,10
2022873,22,14,22,5
2022826,19,14,27,0
2022146,6,6,6,18
2022421,16,4,28,3
2022580,27,3,25,24
2022613,12,14,27,12
2022257,27,12,0,1
2022938,14,1,24,19
2022033,10,1,27,25
2022672,24,13,6,1
2022106,5,9,27,2
2022420,19,5,8,17
2022916,21,11,21,2
2022715,21,8,14,3
2022015,0,0,24,0
2022614,22,15,22,6
2022462,2,1,9,7
2022708,10,8,24,22
2022125,25,4,9,14
2022060,20,14,26,18
2022918,30,4,28,3
2022477,10,0,0,5
2022417,8,0,19,16
2022318,18,5,7,20
2022790,10,4,0,14
2022700,9,9,20,19
2022838,21,15,8,7
2022603,25,10,2,4
2022917,30,12,9,25
2022182,30,3,8,5
2022577,10,6,16,2
2022791,28,6,19,2
2022014,30,1,7,20
2022661,0,12,30,17
2022723,13,7,6,20
2022759,8,0,10,20
2022502,23,11,4,16
2022147,20,2,22,11
2022413,27,14,22,17
2022311,11,3,18,15
2022745,1,12,11,17
2022925,3,15,5,11
2022866,8,7,3,14
2022179,26,2,18,24
2022430,24,5,10,11
2022635,27,5,9,2
2022434,30,8,16,4
2022500,28,15,22,14
2022107,24,8,10,5
2022608,29,4,4,16
2022770,28,9,19,19
2022741,30,15,16,25
2022048,24,3,8,16
2022730,7,14,9,18
2022358,19,2,24,21
2022050,24,0,19,3
2022747,0,3,3,24
2022345,12,0,18,12
2022393,4,0,16,0
2022951,14,4,4,6
2022405,13,15,2,14
2022102,8,1,13,25
2022301,7,6,9,24
2022375,0,3,14,6
2022565,28,9,2,11
2022052,27,10,17,24
2022534,29,9,29,5
2022772,10,2,25,5
2022543,18,8,18,2
2022717,12,11,23,2
2022870,15,1,29,16
2022542,16,1,3,25
2022967,1,10,15,20
2022177,26,12,20,11
2022752,15,12,16,13
2022574,10,7,7,3
2022144,5,8,17,25
2022744,28,4,27,14
2022103,23,7,8,7
2022599,1,10,18,24
2022329,30,3,13,15
2022872,22,10,15,10
2022843,9,2,5,22
2022611,8,11,9,10
2022569,24,5,17,4
2022607,30,9,12,0
2022328,7,7,12,16
2022298,18,3,6,14
2022544,2,2,26,14
2022959,2,13,2,5
2022998,8,6,26,0
2022854,3,4,27,22
2022999,6,7,4,10
2022119,30,9,11,15
2022767,15,1,3,3
2022490,6,5,13,4
2022244,7,0,7,4
2022848,26,7,23,18
2022628,2,8,8,24
2022788,22,1,21,25
2022728,5,15,4,0
2022087,7,9,11,17
2022641,23,14,14,16
2022713,12,4,29,11
2022921,14,1,18,16
2022815,28,7,22,3
2022503,25,5,27,7
2022679,26,1,17,7
2022321,16,11,0,15
2022116,6,9,7,4
2022149,27,6,5,3
2022073,23,15,7,20
2022460,26,12,9,2
2022331,23,8,6,11
2022519,3,12,29,20
2022121,29,2,13,17
2022453,27,9,25,25
2022198,21,9,10,11
2022047,30,7,22,16
2022684,8,9,10,19
2022937,2,6,22,24
2022303,23,5,1,7
2022527,20,11,3,1
2022522,13,15,21,11
2022538,11,7,29,21
2022467,16,2,13,15
2022354,20,5,30,17
2022721,21,12,17,24
2022594,14,7,13,8
2022888,5,8,4,2
2022326,10,11,28,23
2022621,26,9,24,20
2022973,20,5,14,1
2022351,5,7,27,7
2022949,0,0,3,14
2022300,13,4,26,0
2022844,24,2,6,21
2022348,14,13,26,4
2022165,22,0,0,22
2022533,25,0,12,0
2022755,7,14,22,1
2022806,28,6,1,21
2022002,22,2,19,18
2022008,0,15,9,16
2022031,5,14,7,1
2022993,19,0,10,19
2022036,29,6,25,19
2022085,2,10,4,25
2022398,18,14,9,21
2022978,17,11,2,1
2022627,20,15,13,24
2022034,3,11,17,10
2022710,16,12,6,0
2022923,23,15,21,18
2022140,28,7,27,4
2022530,11,0,2,16
2022097,4,8,3,0
2022969,25,5,2,0
2022650,17,12,16,15
2022046,27,12,26,20
2022466,6,1,27,16
2022832,18,14,27,24
2022472,11,14,15,8
2022929,14,13,26,23
2022932,14,11,1,10
2022381,1,2,1,14
2022727,17,9,30,11
2022553,22,12,4,21
2022084,4,1,19,18
2022971,22,10,29,24
2022385,27,5,3,23
2022380,27,11,0,16
2022662,20,4,8,2
2022551,5,8,6,22
2022810,4,12,19,0
2022540,11,2,22,5
2022336,9,12,8,7
2022722,15,12,3,11
2022436,7,7,17,16
2022646,23,15,7,6
2022053,11,10,5,18
2022302,18,1,30,25
2022616,8,13,29,10
2022953,17,6,25,1
2022197,12,1,15,24
2022314,2,4,18,5
2022602,21,5,12,3
2022629,24,0,28,4
2022665,24,10,7,8
2022373,22,10,24,20
2022166,0,5,13,25
2022425,28,14,14,12
2022394,5,13,3,15
2022459,23,2,8,21
2022983,1,7,19,4
2022456,8,9,23,25
2022537,14,6,22,14
2022995,8,14,22,2
2022325,24,15,10,23
2022748,1,3,21,1
2022480,19,9,0,3
2022659,20,14,26,4
2022058,29,3,28,6
2022762,8,1,23,8
2022523,3,9,8,2
2022595,5,10,1,24
2022118,3,4,28,0
2022070,7,1,7,13
2022835,25,11,27,22
2022391,29,15,26,16
2022184,3,6,1,10
2022093,25,6,30,16
2022484,25,8,8,17
2022962,22,6,3,8
2022186,23,5,10,10
2022619,27,2,2,23
2022692,5,0,16,22
2022554,0,14,22,11
2022703,3,10,19,17
2022370,10,5,17,22
2022508,28,12,5,23
2022928,2,1,9,21
2022612,13,10,13,0
2022114,11,4,16,25
2022954,16,4,24,22
2022799,5,10,25,3
2022535,30,9,7,5
2022647,14,4,20,15
2022100,6,13,11,4
2022473,27,3,12,18
2022309,3,10,9,5
2022986,22,3,30,23
2022096,25,5,4,25
2022733,23,15,15,2
2022382,14,4,24,19
2022124,4,2,5,9
2022803,4,10,28,21
2022990,7,5,23,3
2022955,20,5,26,21
2022732,19,1,29,12
2022185,30,1,15,2
2022549,24,14,8,17
2022424,9,4,9,1
2022982,29,5,3,8
2022979,16,9,16,23
2022624,9,5,30,10
2022653,6,0,3,5
2022763,20,9,28,7
2022861,19,5,28,16
2022365,13,6,5,22
2022601,4,9,0,24
2022069,7,7,2,25
2022869,30,13,21,3
2022461,30,5,13,14
2022579,20,14,15,14
2022412,16,15,11,11
2022396,24,10,7,4
2022098,21,12,1,4
2022032,16,13,25,21
2022437,11,5,8,24
2022487,3,10,11,15
2022039,30,13,7,1
2022388,25,10,12,19
2022422,16,11,29,14
2022389,15,8,20,23
2022705,7,13,29,7
2022305,21,9,27,9
2022922,14,3,16,9
2022675,17,4,9,9
2022817,20,15,13,0
2022129,15,12,6,11
2022099,2,0,27,9
2022037,6,7,26,6
2022642,16,13,23,24
2022042,25,3,7,6
2022828,18,12,29,21
2022343,21,0,21,12
2022837,13,4,25,13
2022550,25,2,23,22
2022913,14,3,30,19
2022317,15,4,27,3
2022856,20,6,22,18
2022120,5,11,21,3
2022091,25,8,14,20
2022800,23,14,1,4
2022573,22,5,0,15
2022905,17,3,2,0
2022447,9,2,30,25
2022992,19,15,5,17
2022400,3,7,12,7
2022699,2,13,22,6
2022664,18,2,26,4
2022112,24,13,28,23
2022638,26,10,20,17
2022571,7,6,4,6
2022896,19,8,26,2
2022753,1,0,25,16
2022482,12,15,19,16
2022801,19,0,0,25
2022864,13,9,30,16
2022904,30,1,21,24
2022079,20,2,12,2
2022863,27,0,6,1
2022488,19,7,6,5
2022086,19,7,9,24
2022113,15,7,4,16
2022304,1,13,22,15
2022859,26,9,27,7
2022153,23,5,12,8
2022829,30,3,29,9
2022517,30,12,15,18
2022631,0,14,12,17
2022465,15,2,20,14
2022471,24,7,4,22
2022698,16,7,0,1
2022633,12,3,23,22
2022936,20,5,6,0
2022868,22,8,22,12
2022833,23,4,18,14
2022438,23,12,10,23
2022658,26,11,9,24
2022597,27,12,5,7
2022548,9,13,12,3
2022899,18,2,29,10
2022707,3,4,3,24
2022172,12,3,13,13
2022127,10,2,27,23
2022994,27,2,29,16
2022846,8,2,27,7
2022742,13,2,24,20
2022350,7,11,1,10
2022786,29,13,25,16
2022987,5,3,16,16
2022539,27,10,7,20
2022082,15,12,8,25
2022776,9,14,22,17
2022419,15,8,18,23
2022062,27,15,28,12
2022322,30,11,13,9
2022643,22,11,24,5
2022157,27,14,8,14
2022455,13,5,26,6
2022190,8,7,13,7
2022820,23,7,30,2
2022439,28,12,12,5
2022196,27,15,5,13
2022320,5,15,19,7
2022935,29,0,11,9
2022773,21,13,30,1
2022524,14,15,30,3
2022655,11,9,1,1
2022824,9,14,23,23
2022778,25,10,10,24
2022092,24,13,17,4
2022919,4,3,17,20
2022515,23,7,16,18
2022090,7,15,1,22
2022444,18,0,10,12
2022946,7,9,8,18
2022825,3,13,18,16
2022452,24,1,18,5
2022513,10,11,15,2
2022671,7,12,8,6
2022427,4,7,18,12
2022007,11,4,2,2
2022423,17,0,27,18
2022944,25,1,5,20
2022038,27,5,22,8
2022191,11,3,10,1
2022333,24,5,3,23
2022797,21,12,30,3
2022600,9,12,30,19
2022704,27,0,14,8
2022469,17,0,12,23
2022652,4,2,17,18
2022134,9,8,16,10
2022479,28,11,14,11
2022867,23,12,5,21
2022063,8,9,18,12
2022891,10,5,25,11
2022442,24,1,1,11
2022676,12,7,2,2
2022617,26,3,28,15
2022997,14,1,19,11
2022531,14,10,14,24
2022126,29,3,2,7
2022094,14,13,15,19
2022677,18,10,20,3
2022906,13,1,11,18
2022556,7,12,4,25
2022649,15,15,26,10
2022884,27,4,25,19
2022933,28,0,25,17
2022862,18,14,29,15
2022585,25,6,0,7
2022656,19,13,16,11
2022188,24,15,0,7
2022839,25,2,22,21
2022392,0,11,26,25
2022965,27,3,1,19
2022903,0,14,16,19
20221000,10,0,17,0
2022777,15,15,25,0
2022367,1,11,16,3
2022584,12,11,30,11
2022808,20,5,26,8
2022435,10,9,9,22
2022019,23,12,18,14
2022136,27,11,1,7
2022541,4,4,15,21
2022668,9,12,9,18
2022463,4,10,9,9
2022734,0,3,5,4
2022737,6,11,9,8
2022914,22,0,13,14